200000000000
200001000001
200001000002
200001000003
200001000004
200001000005
200001000006
200001000007
200001000008
200001000011
200001000012
200001000013
200001000014
200001000015
200001000016
200001000017
200001000018
200001000019
200001000020
200001000021
200001000022
200001000023
200001000024
200001000025
200001000026
200001000027
200001000028
200001000029
200001000030
200002000002
200003000001
200003000002
200003000003
200003000004
200003000005
200003000006
200003000009
200003000011
200003000012
200003000013
200003000014
200003000015
200003000018
200003000019
200003000020
200003000021
200003000022
200003000023
200003000024
200003000025
200003000026
200003000029
200004000001
200004000002
200004000003
200004000004
200004000005
200004000006
200004000007
200004000008
200004000009
200004000010
200005000001
200005000002
200005000003
200005000004
200005000005
200005000006
200005000007
200005000008
200005000009
200005000010
200005000011
200005000012
200005000013
200005000014
200005000015
200005000016
200005000017
200005000018
200005000019
200005000020
200005000021
200005000022
200005000023
200005000024
200005000025
200005000026
200005000027
200005000028
200005000029
200005000030
200006000002
200006000003
200006000004
200006000005
200006000006
200006000007
200006000008
200006000009
200006000010
200006000011
200007000021
200007000022
200007000023
200007000024
200007000025
200007000026
200007000027
200007000028
200007000029
200007000030
200000000005
200000000006
200000000007
200000000008
200000000009
200000000010
200000000011
200000000012
200000000013
200000000014
200000000017
200000000018
200000000019
200000000022
200000000023
200000000024
200000000025
200000000028
200000000029
200000000035
200000000036
200000000037
200000000042
200000000043
200000000044
200000000045
200000000046
200000000049
200000000050